1 29
2 15
3 5
4 35
5 38
6 25
7 10
8 7
9 50
10 40
11 12
12 32
13 47
14 50
15 13
16 14
17 25
18 27
19 28
20 29
21 28
22 20
23 26
24 4
25 36
26 37
27 18
28 46
29 30
30 48
31 21
32 4
33 49
34 38
35 14
36 43
37 14
38 50
39 44
40 13
41 39
42 36
43 24
44 31
45 34
46 5
47 8
48 35
49 25
50 27
51 23
52 14
53 49
54 43
55 6
56 43
57 5
58 15
59 14
60 29
61 50
62 38
63 11
64 4
65 35
66 21
67 6
68 47
69 11
70 15
71 30
72 41
73 5
74 2
75 21
76 4
77 7
78 2
79 16
80 31
81 26
82 9
83 13
84 41
85 8
86 20
87 13
88 32
89 50
90 20
91 9
92 21
93 29
94 10
95 5
96 44
97 15
98 32
99 8
100 36
